   Age BlPr
   21   65
   21   70
   22   66
   23   63
   24   70
   25   68
   25   72
   25   75
   26   71
   27   79
   28   73
   29   67
   30   79
   31   73
   32   66
   32   80
   33   76
   34   69
   34   76
   35   73
   36   79
   38   68
   38   78
   39   87
   39   91
   40   75
   41   70
   41   90
   43   72
   43   85
   44   75
   44   80
   45   71
   46   92
   47   80
   47   83
   47   89
   48   96
   49   70
   50   80
   50  101
   51   71
   51   91
   53   85
   53   86
   53  100
   54   79
   55   71
   56   76
   57   92
   58   99
   58  109
   59   80
   60   90