    ShaftDiam Day
1      0.4073   1
2      0.4068   2
3      0.4067   3
4      0.4069   4
5      0.4069   5
6      0.4069   6
7      0.4070   7
8      0.4060   8
9      0.4080   9
10     0.4073  10
11     0.4071  11
12     0.4073  12
13     0.4073  13
14     0.4073  14
15     0.4067  15
16     0.4065  16
17     0.4070  17
18     0.4064  18
19     0.4072  19
20     0.4070  20
21     0.4072   1
22     0.4068   2
23     0.4067   3
24     0.4070   4
25     0.4071   5
26     0.4069   6
27     0.4070   7
28     0.4070   8
29     0.4073   9
30     0.4072  10
31     0.4075  11
32     0.4075  12
33     0.4077  13
34     0.4072  14
35     0.4074  15
36     0.4068  16
37     0.4067  17
38     0.4075  18
39     0.4073  19
40     0.4072  20
41     0.4071   1
42     0.4071   2
43     0.4069   3
44     0.4070   4
45     0.4074   5
46     0.4068   6
47     0.4073   7
48     0.4073   8
49     0.4072   9
50     0.4073  10
51     0.4072  11
52     0.4076  12
53     0.4072  13
54     0.4074  14
55     0.4070  15
56     0.4070  16
57     0.4071  17
58     0.4066  18
59     0.4066  19
60     0.4072  20
61     0.4070   1
62     0.4069   2
63     0.4067   3
64     0.4069   4
65     0.4074   5
66     0.4070   6
67     0.4069   7
68     0.4072   8
69     0.4061   9
70     0.4078  10
71     0.4071  11
72     0.4076  12
73     0.4063  13
74     0.4071  14
75     0.4071  15
76     0.4070  16
77     0.4070  17
78     0.4064  18
79     0.4064  19
80     0.4076  20
81     0.4069   1
82     0.4067   2
83     0.4069   3
84     0.4072   4
85     0.4072   5
86     0.4070   6
87     0.4068   7
88     0.4073   8
89     0.4068   9
90     0.4078  10
91     0.4077  11
92     0.4075  12
93     0.4070  13
94     0.4070  14
95     0.4072  15
96     0.4070  16
97     0.4072  17
98     0.4067  18
99     0.4069  19
100    0.4073  20