   duration route
1     407.5     1
2     466.7     1
3     435.8     1
4     399.6     1
5     447.3     1
6     466.4     1
7     429.5     1
8     447.8     1
9     412.7     1
10    449.4     1
11    441.0     1
12    393.1     1
13    459.0     1
14    412.8     1
15    448.7     1
16    435.9     1
17    448.2     1
18    440.3     1
19    439.2     1
20    410.8     1
21    407.8     1
22    430.8     1
23    435.1     1
24    416.1     1
25    448.7     1
26    448.8     1
27    401.1     1
28    429.2     1
29    457.7     1
30    423.0     1
31    423.3     1
32    456.6     1
33    442.0     1
34    426.1     1
35    448.5     1
36    415.6     1
37    430.0     1
38    432.4     1
39    390.0     1
40    457.4     1
41    420.9     1
42    433.7     1
43    403.6     1
44    400.0     1
45    451.1     1
46    434.0     1
47    461.3     1
48    453.2     1
49    393.6     2
50    384.2     2
51    395.3     2
52    399.3     2
53    384.0     2
54    426.8     2
55    423.8     2
56    403.2     2
57    414.5     2
58    393.9     2
59    420.0     2
60    412.8     2
61    389.6     2
62    395.3     2
63    404.0     2
64    390.9     2
65    426.3     2
66    395.0     2
67    435.0     2
68    376.5     2
69    426.4     2
70    410.3     2
71    396.9     2
72    389.5     2
73    424.5     2
74    375.1     2
75    398.1     2
76    416.3     2
77    400.6     2
78    396.0     2
79    403.8     2
80    399.2     2
81    394.0     2
82    424.3     2