   Temperature Production Electricity
1           49         75         340
2           48         71         339
3           60         73         373
4           61         82         385
5           66         74         373
6           73         66         391
7           87         86         368
8           48         75         372
9           86         73         417
10          85         78         398
11          38         70         360
12          54         76         363
13          81         69         386
14          69         90         416
15          74         89         392
16          36         65         347
17          39         84         408
18          82         77         390
19          84         68         412
20          42         70         338
21          51         72         361
22          65         70         346
23          49         73         364
24          74         89         382
25          50         83         364
26          45         90         350
27          71         74         401
28          84         75         396
29          87         87         393
30          67         75         386