   fail stress
1     0   2.97
2     0   2.30
3     1   5.76
4     0   3.88
5     0   5.56
6     1   6.27
7     1   5.82
8     0   5.60
9     1   5.09
10    1   5.18
11    0   1.58
12    0   4.10
13    1   3.19
14    1   5.58
15    0   4.44
16    0   3.47
17    0   5.66
18    1   5.40
19    1   4.51
20    0   4.53
21    1   3.62
22    1   4.86
23    0   3.55
24    0   1.92
25    1   6.01
26    1   2.61
27    0   3.94
28    0   1.79
29    1   4.76
30    1   5.89
31    0   3.69
32    1   2.85
33    0   2.96
34    1   5.63
35    1   5.69
36    0   2.41
37    1   4.68
38    1   3.12