   Shot Age Health.Aware
1     0  38           40
2     1  52           60
3     0  41           36
4     1  46           59
5     1  41           70
6     0  43           49
7     1  57           59
8     0  34           50
9     0  31           48
10    1  49           59
11    1  53           49
12    0  54           48
13    0  63           40
14    1  39           59
15    0  38           45
16    0  28           58
17    0  42           61
18    1  53           69
19    0  36           71
20    0  45           41
21    0  47           47
22    1  49           70
23    0  53           32
24    0  42           42
25    1  49           50
26    0  42           32
27    1  46           68
28    0  48           33
29    1  54           71
30    0  46           47
31    1  63           43
32    0  44           27
33    1  56           57
34    1  64           70
35    0  46           44
36    0  35           44
37    1  52           61
38    1  46           43
39    0  40           64
40    1  57           54
41    1  56           57
42    0  40           64
43    0  64           34
44    1  46           56
45    0  34           54
46    0  38           45
47    1  47           56
48    0  56           46
49    0  45           35
50    0  33           45