     W1  W2  W3  W4
1   8.4 9.7 9.1 7.5
2   8.1 9.2 7.7 8.3
3   8.2 8.3 7.9 9.3
4   9.5 8.3 7.8 9.1
5   8.1 9.6 7.9 8.0
6   9.2 9.6 7.6 7.7
7   8.6 9.7 8.5 7.4
8   9.8 8.6 8.3 7.9
9   9.0 8.0 8.9 8.6
10  9.0 9.6 7.7 7.6
11  8.4 9.6 8.3 7.4
12  9.7 8.5 9.5 8.0
13  8.7 9.7 9.4 8.3
14  8.9 8.8 7.7 8.5
15 10.0 8.8 8.5 8.3
16  8.6 9.0 7.9 8.8
17  9.2 9.0 9.0 8.1
18  8.1 8.2 7.7 7.4
19  9.7 9.0 8.0 9.1
20  8.5 9.2 8.0 9.2
21  8.8 9.4 8.3 9.2
22  8.8 9.7 8.5 7.4
23  8.6 8.9 8.1 8.0
24  9.2 8.6 7.9 8.8
25  9.8 9.5 8.2 9.0
26  9.2 8.5 9.4 9.1
27  9.9 9.6 9.1 8.8
28  9.7 9.5 8.0 8.0
29  9.8 9.0 8.6 8.0
30  8.0 9.7 8.4 9.1
31  9.3 8.1 7.8 7.7
32  9.1 9.7 7.8 8.9
33  8.5 8.9 9.3 7.6
34  8.1 8.4 9.1 8.5
35  9.3 9.2 8.2 9.0
36  9.1 8.4 9.0 7.5