   Day Soil1 Soil2
1    1  31.9  44.4
2    2  25.3  28.2
3    3  26.7  32.4
4    4  33.1  46.5
5    5  43.2  49.1
6    6  28.7  29.4
7    7  34.0  46.6
8    8  33.6  30.7
9    9  23.6  23.7
10  10  26.4  24.5
11  11  35.8  26.6
12  12  28.8  34.5
13  13  21.4  26.4
14  14  40.5  37.1
15  15  32.3  35.3
16  16  40.1  47.7
17  17  39.3  50.8
18  18  27.5  33.0
19  19  18.9  21.9
20  20  22.4  18.5
21  21  27.7  31.5
22  22  30.7  35.3
23  23  30.7  26.0
24  24  23.8  19.4
25  25  38.8  33.9
26  26  16.0  24.0
27  27  25.5  24.4
28  28  57.3  44.7
29  29  32.6  43.2
30  39  31.6  31.6
31  31  32.8  54.9
32  32  29.2  24.8