     MoE Strength
1  34.36     7.12
2  46.28    10.35
3  49.25     8.89
4  37.23     7.85
5  31.63     6.98
6  70.65    11.50
7  65.29    11.36
8  57.27    11.56
9  64.45    12.09
10 78.52    13.93
11 67.45    11.50
12 63.80    11.79
13 44.23     7.68
14 40.55     7.25
15 74.75    11.60
16 34.70     6.94
17 70.81    11.55
18 51.30     9.71
19 71.99    10.93
20 47.54     9.82
21 51.15     9.88
22 43.86     8.15
23 76.77    13.25
24 65.95    11.36
25 71.42    12.12
26 46.54     7.07
27 41.80     8.20