   Index Beach
1   7.64     1
2   7.31     1
3   8.84     1
4   9.03     1
5   7.80     1
6   9.01     1
7   7.59     1
8   7.59     1
9   8.50     1
10  7.95     1
11  7.62     1
12  7.23     1
13  7.04     2
14  8.27     2
15  8.36     2
16  7.51     2
17  8.91     2
18  7.45     2
19  9.03     2
20  7.79     2
21  8.04     2
22  9.27     2
23  9.59     2
24  8.72     2
25  8.38     3
26  7.69     3
27  9.24     3
28  8.75     3
29  9.10     3
30  9.49     3
31  8.98     3
32  9.20     3
33  8.30     3
34  8.33     3
35  8.04     3
36  7.66     3
37  9.33     4
38  8.50     4
39  8.81     4
40  7.94     4
41  8.76     4
42  9.19     4
43  8.86     4
44  8.72     4
45  7.89     4
46  8.42     4
47  8.52     4
48  8.65     4
49  8.78     5
50  7.99     5
51  7.88     5
52  7.59     5
53  8.75     5
54  7.79     5
55  9.26     5
56  8.86     5
57  8.86     5
58  9.54     5
59  9.99     5
60  8.15     5
